sequence_len: 20
in_channels: 1
out_channels: 16
kernel_size: 5
lr: 0.0010031705794833218
momentum: 0.6483501964226454
weight_decay: 0.0003384062299517123
stock: nvda
feature_set:
- log_return
batch_size: 64
dataset_len: 5
horizon: 5
target_var: log_return_forecast
