sequence_len: 10
in_channels: 1
out_channels: 16
kernel_size: 6
lr: 0.0050846142806568176
momentum: 0.8372406510210537
weight_decay: 1.685769448433822e-05
