sequence_len: 40
in_channels: 1
out_channels: 64
kernel_size: 18
lr: 0.007933236990289123
momentum: 0.6184654079822434
weight_decay: 5.589163031602573e-05
stock: nvda
feature_set:
- log_return
batch_size: 256
dataset_len: 15
horizon: 5
target_var: log_return_forecast
