sequence_len: 40
in_channels: 1
out_channels: 64
kernel_size: 30
lr: 0.0063951151663502355
momentum: 0.8696856021141075
weight_decay: 1.7228678315345919e-06
stock: nvda
feature_set:
- log_return
batch_size: 64
dataset_len: 15
horizon: 5
target_var: log_return_forecast
