sequence_len: 20
in_channels: 1
out_channels: 16
kernel_size: 17
lr: 0.049204942977416864
momentum: 0.9104114304719572
weight_decay: 0.008818304046574079
stock: NVDA
feature_set:
- log_return
batch_size: 16
dataset_len: 15
horizon: 5
target_var: log_return_forecast
